# variables:
# ground temperature
# air temperature
# volumetric water content (vwc) / ground moisture
# solar radiation
# wind speed
# wind direction


# ADD NEW DATA

# Seasons and years of current data to combine
# Used to split data into individual files for each season (smaller files)

years <- c(2022, 2023) # the years covered by the data
seasons <- c("Summer","Fall","Winter","Spring") # don't need to change this

# Date ranges (seasons) of data
# For File Naming - names the total combined file
sznstart <- "Summer2022"
sznend <- "Fall2023"

# sensor names change! update any sensor name changes here:

gtsensors <- c('21206939'='TNHA-BASE','21393042'='BUECI-SC','21393044'='SSMH-SB',
               '21393047'='TNHA-SC','21393048'='BEO-B06','21393049'='SSMH-SD',
               '21398578'='BUECI-SF01','21398579'='BUECI-SE','21398583'='BUECI-SB',
               '21398584'='BUECI-SD','21398585'='BUECI-BASE','21398588'='SSMH-BASE',
               '21398590'='BUECI-SA','21398591'='BEO-B05','21398593'='TNHA-SA',
               '21398598'='BUECI-SF02','21398599'='SSMH-SA','21398601'='TNHA-SD',
               '21398576'='SSMH-SC','21398587'='TNHA-SB','21398577'='TNHA-SE',
               '21393043'='SSMH-SE02','21398580'='SSMH-SF02','21398581'='SSMH-SG',
               '21398586'='SSMH-SF01','21398594'='SSMH-SE01')

atsensors <- c('21187245'='BUECI-SE','21218018'='TNHA-BASE','21362254'='BUECI-SB',
              '21362256'='BUECI-SD','21380919'='TNHA-SA','21390849'='SSMH-BASE',
              '21390851'='BUECI-BASE','21397541'='BEO-B02','21398665'='SSMH-SB',
              '21398666'='TNHA-SD','21398668'='BUECI-SC','21398670'='SSMH-SA',
              '21398671'='BUECI-SA','21398674'='TNHA-SC','21398676'='TNHA-SB',
              '21397542'='BUECI-BASE??','21398659'='BUECI-__','21398661'='BUECI-__',
              '21398664'='TNHA-??')

vwcsensors <- c('21206939'='TNHA-BASE','21393042'='BUECI-SC','21393044'='SSMH-SB',
               '21393047'='TNHA-SC','21393048'='BEO-B06','21393049'='SSMH-SD',
               '21398578'='BUECI-SF01','21398579'='BUECI-SE','21398583'='BUECI-SB',
               '21398584'='BUECI-SD','21398585'='BUECI-BASE','21398588'='SSMH-BASE',
               '21398590'='BUECI-SA','21398591'='BEO-B05','21398593'='TNHA-SA',
               '21398598'='BUECI-SF02','21398599'='SSMH-SA','21398601'='TNHA-SD',
               '21398576'='REMOVE','21398587'='TNHA-SB','21398577'='TNHA-SE',
               '21393043'='SSMH-SE02','21398580'='SSMH-SF02','21398581'='SSMH-SG',
               '21398586'='SSMH-SF01','21398594'='SSMH-SE01')

solarsensors <- c('21176526'='TNHA-BASE','21362313'='BUECI-SC','21362315'='TNHA-SD',
                 '21362316'='BUECI-SD','21362317'='TNHA-SC','21362319'='SSMH-SB',
                 '21362320'='BUECI-SE','21390411'='BUECI-BASE','21390413'='SSMH-BASE',
                 '21390415'='BEO-B04','21398616'='TNHA-SB','21398618'='BUECI-SA',
                 '21398620'='TNHA-SA','21398622'='SSMH-SA','21398624'='BUECI-SB',
                 '21398619'='SSMH-SG','21398623'='BUECI-???','21362314'='BUECI-__',
                 '21362318'='TNHA-??','21390414'='BUECI-BASE??','21398617'='BUECI-__',
                 '21398621'='BUECI-__')

wspeedsensors <- c('21176861'='TNHA-BASE','21206909'='TNHA-SC','21206911'='SSMH-SA',
                  '21206912'='SSMH-SB','21350910'='SSMH-BASE','21350915'='BEO-B03',
                  '21398709'='TNHA-SA','21398712'='TNHA-SD','21398711'='SSMH-SG',
                  '21398715'='TNHA-SB')

wdirsensors <- c('21167037'='TNHA-BASE','21181033'='TNHA-__','21350820'='SSMH-BASE',
                '21350855'='BEO-B03','21206909'='TNHA-SC','21206911'='SSMH-SA',
                '21206912'='SSMH-SB','21398709'='TNHA-SA','21398712'='TNHA-SD',
                '21398715'='TNHA-SB')


#============================================#
# Files
#============================================#

# link to github folder of raw data
path <- "https://raw.githubusercontent.com/shabanm2/Utqiagvik/main/Meteorological_Seasons_Data/"
export_to <- "~/Desktop/Arctic/X-Y_Plots/data/processed/Combined/" #Directory to export long dataframes

# file names by variables

#Updated filepaths: https://raw.githubusercontent.com/shabanm2/Utqiagvik/main/Meteorological_Seasons_Data/RECENT_CSV_DOWNLOADS

gtfiles <- c("RECENT_CSV_DOWNLOADS/Summer_22_grndtmp_2023_11_14_20_50_46_UTC_1.csv", # summer 2022
            "RECENT_CSV_DOWNLOADS/Fall_22_grndtmp_2023_11_14_21_31_58_UTC_1.csv", # fall 2022
            "RECENT_CSV_DOWNLOADS/Winter_grndtmp_2023_04_06_12_18_43_UTC_1.csv", # winter 2022 dec-jan
            "RECENT_CSV_DOWNLOADS/New_Spring_2023_grndtmp_2023_11_01_18_20_38_UTC_1.csv", # spring 2023
            "RECENT_CSV_DOWNLOADS/New_Summer_2023_GRNDTMP_2023_11_01_18_32_40_UTC_1.csv",
            "RECENT_CSV_DOWNLOADS/Fall_2023_grndtmp_2023_12_05_19_47_18_UTC_1.csv",
            "RECENT_CSV_DOWNLOADS/Fall_2023_grndtmp_2023_12_05_19_47_18_UTC_2.csv")

#EXCLUDE THESE SPRING FILES:
#"PLZSPRINGGRNDTMP_2023_06_20_02_45_17_UTC_1.csv", #march, june
#"Spring_grndtmp_2023_09_14_19_38_13_UTC_1.csv",
#"Spring_meteorological_grndtmp_2023_07_14_22_32_10_UTC_1.csv", #6/19-9/1


atfiles <- c("RECENT_CSV_DOWNLOADS/Summer_22_airtmp_2023_11_14_20_57_51_UTC_1.csv",# summer 2022 not updated for 2023
            "RECENT_CSV_DOWNLOADS/Fall_22_airtmp_2023_11_14_21_43_57_UTC_1.csv",
            "RECENT_CSV_DOWNLOADS/Winter_airtemp_2023_04_06_12_02_30_UTC_1.csv", # winter 2022
            "RECENT_CSV_DOWNLOADS/New_Spring_2023_AIRTMP_2023_11_01_18_30_56_UTC_1.csv",
            "RECENT_CSV_DOWNLOADS/New_Summer_2023_AIRTMP_2023_11_01_18_31_41_UTC_1.csv",
            "RECENT_CSV_DOWNLOADS/Fall_2023_airtemp_2023_12_05_20_08_48_UTC_1.csv"
            )

vwcfiles <- c("RECENT_CSV_DOWNLOADS/Summer_22_VWC_2023_11_14_21_00_08_UTC_1.csv", # summer 2022
             "RECENT_CSV_DOWNLOADS/Fall_22_VWC_2023_11_14_21_46_41_UTC_1.csv",
             "RECENT_CSV_DOWNLOADS/Winter_VWC_2023_04_06_12_36_52_UTC_1.csv",
             "RECENT_CSV_DOWNLOADS/New_Spring_2023_VWC_2023_11_01_18_26_40_UTC_1.csv",
             "RECENT_CSV_DOWNLOADS/New_Summer_2023_VWC_2023_11_01_18_34_52_UTC_1.csv",
             "RECENT_CSV_DOWNLOADS/Fall_2023_VWC_2023_12_05_20_06_01_UTC_1.csv"
             )

solfiles <- c("RECENT_CSV_DOWNLOADS/Summer_22_solar_2023_11_14_21_01_06_UTC_1.csv", # summer 2022
             "RECENT_CSV_DOWNLOADS/Fall_22_solar_2023_11_14_21_56_42_UTC_1.csv",
             "RECENT_CSV_DOWNLOADS/Winter_solar_2023_04_06_12_55_01_UTC_1.csv",
             "RECENT_CSV_DOWNLOADS/New_Spring_2023_SOLAR_2023_11_01_18_29_33_UTC_1.csv",
             "RECENT_CSV_DOWNLOADS/New_Summer_2023_SOLAR_2023_11_01_18_33_40_UTC_1.csv",
             "RECENT_CSV_DOWNLOADS/Fall_2023_SOLAR_2023_12_05_20_06_48_UTC_1.csv") 

wsfiles <- c("Spring_WindSpeed_2023_09_14_19_32_09_UTC_1.csv",
            "Summer22_Summer23_Wind_Speed_2023_09_07_19_43_04_UTC_1.csv",# summer 2022 through 2023
            "RECENT_CSV_DOWNLOADS/Fall_2023_windspeed_2023_12_05_20_07_20_UTC_1.csv")

wdfiles <- c("Spring_WindDirection_2023_09_14_19_33_07_UTC_1.csv",
            "Summer22_Summer23_Wind_Dir_2023_09_07_19_32_22_UTC_1.csv",
            "RECENT_CSV_DOWNLOADS/Fall_2023_winddirection_2023_12_05_20_07_48_UTC_1.csv")



#============================================#
# Packages
#============================================#


#library(plyr)
library(dplyr)
library(lubridate)
library(tidyr)
library(gridExtra)
library(forcats)
library(splitstackshape)
library(naniar)
library(stringr)



#============================================#
# Ground Temperature
#============================================#

file = "RECENT_CSV_DOWNLOADS/Summer_22_grndtmp_2023_11_14_20_50_46_UTC_1.csv"

